4 904 1215
4 1340 1120
3 1729 1219
4 2459 1185
4 3138 1055
4 3775 1114
5 3958 779
3 4291 747
3 4432 739
5 4763 998
3 5042 779
5 4864 514
4 3349 463
3 3508 463
5 2840 466
1 2641 716
1 2791 716
1 2524 716
2 2316 446
2 1605 450
2 1733 450
5 520 448
2 733 448
1 1707 985
5 2232 984
5 2247 1070
1 3432 940
1 3512 920
3 3610 1290
2 4035 1056
2 4313 924
2 4570 1070
4 4728 840
5 5233 723
1 5030 240
1 5040 230
1 5050 245
1 5060 242
5 4139 390
2 545 294
2 555 290
2 565 292
