2 852 1164
1 1024 1215
1 1056 1215
3 1471 1089
3 1506 1056
1 1600 1088
1 1653 1122
1 1665 1154
3 1909 1167
2 1828 1250
1 2269 1137
2 2288 1173
1 2222 1179
2 3106 1192
1 3170 1120
4 3139 930
1 3347 660
2 3403 641
3 3457 657
4 3896 672
2 4272 692
2 4412 713
1 4555 1083
2 4572 1077
3 4599 1037
4 4396 1088
4 4342 1082
4 4280 1085
2 3450 1071
2 4776 472
4 4851 379
4 5172 357
1 4383 391
2 4260 484
3 4096 486
4 3902 468
1 3713 493
3 3443 404
2 3135 403
4 2844 406
1 2245 392
1 1851 622
1 1651 671
4 1445 746
3 500 898
2 638 821
2 2681 569
4 2621 1224
